1230557393935532105
1125589103434547213
1117018543154810911
950418462164017222
1153530562041085992
1285820585997369345
1221362626181988352
958976518581813279
948429551560695888
825303294863867904
350411880390459393
1143835215928770641
858745406526717962
1156178141270769754
763016739985555476
888534338503839805
676758874266665000
1049999533326729317
778645697363836968
1250114263570317314
925104727023312897
915098659811647558
1042637480056324106
822460849846222857
1031152921410293831
1134865196192649298
672396524738838550
828724224797573180
1189264713499025508
1023840437804474379
1208025784917295114
1203198742870753280
582201748031012874
1182065951789813790
1132488578342080613
1072940135039119360
734127064101158923
1322523101401059388
1213199455025762345
1198239954187341874
1338945935732113520
898125078380806166
823960423099400252
831241870528086023
697212184916262942
1120053482460807169
1029308259070386216
1091941277739794522
825337858466381834
1001166950392664074
1258747825395863669
984849211373797396
871900142930886719
1265384296894562486
550955466197434368
988840689037099069
1244569611471683644
1178300653156704317
1240925469465907232
621220378357792776
943113246238449684
843843068448079902
1096961023224844300
830854126916468737
208581028032413697
829388180343488515
1200136438302375977
841335507866615830
802025252145725470
1332009956303704194
813503043734732841
1066982192368062495
1181218280921366650
927670119453327360
1318360026297012226
1057258014257709156
1323252782534234163
1267487181610553357
1241305275659587614
452978829254721557
961466116427894865
501816065735786516
1073015603234881576
1296660334333132861
1337966675798003793
1299267249403727934
1338879256138354711
1322614310723260588
259055071428345857
1239914281084911670
1206849577181777950
1195759082150297742
1343968954036785292
1305610646703964222
505479632204595214
1235121204969340959
698115689713500201
567997586317901824
1305893254704660490
1213859659748872264
753857654140567613
923145236530724915
1334541958269632559
758197590973743115
1268277949157609593
688921817901301821
1352327396199497808
1204296259188432907
1320734131646107740
941484309548785664
1198188082206355506
1001240470531346563
1309452276913410090
722994707340197951
939544264357072947
1239942754146979890
825311937961132072
934266527052603403
1341438484551831632
1105566914341773400
468497993650405377
1136671798398820392
1018496716468654220
942321629613150219
877175179183288351
1084786177929904230
923230598745702422
1245326002649825344
1263471807361712141
1006236515648675902
1070392884106383410
1011927356228763740
662648263895154708
1326590961958256712
930150395462971452
715988659094028308
885771813248970772
409291257639337984
691272231778648095
890691036555378708
1089450380271833179
1240631510118436865
977152631036342372
843390116629577748
1016254837723254854
828589398617751562
1133665681980796990
1196468033233895511
561877040916332554
849708541828137021
1249108581631131781
1237328952326881301
825327411045335061
1030356923347906620
1227885025916358688
948500700634157106
1035680289491517440
885628448637321218
1246521386684387463
1147310491358724206
1112239341163520090
1291786415893516299
1242497586171088977
751894098998460547
597304235662639125
1067879887756607558
1130890237204254720
1028989312609570836
1128195029836505169
1293283677895262311
390437635379691520
1265482208315965584
1268530712533930038
836899876242849842
1212356211744440421
941649783460888597
1042628000358858834
1039197382010732544
758891952938287154
510435909544443904
1163426711493419018
873826715095416832
1189910461735501968
954336142097018951
1045182995457392663
1292015455032315915
1263526234537721971
988811267458367588
1125699638180184064
929098439994794025
872679049573584916
1150779404327321730
1191325568814301218
484028262071402516
1302459136247726242
898592889486053437
885941257891876965
842282691114434562
769187719158562817
1154082735376314470
1042805079025143871
942017186745188403
1240646924496015380
1066402660514811934
884033819693449237
1126243989880852560
945493354622369813
910920204408717382
929347282535583764
1257603253441527869
1331034278229835872
784657703628046347
652050296989679616
778296976101736449
1201340523840032818
615920802851979265
1035224840854057093
1039935921249853520
1146808054201987205
409267587751346197
1294596630976135259
651049498793082880
1325719717377474694
921037157475450911
516166882403811330
1164233134750048348
840444013940965406
1041037071776764006
841262398904205342
1146686467335274637
963142096871653406
1074434506586599565
1322243780417687564
1187561958317244549
936686529009561671
1022830804457500715
1289571901219278880
813826474238279722
1310983432888909827
852136425960243222
909914183351541780
1218480265446559795
1106954280944009227
1053311437419847740
1321524799612387469
872828540960272444
1213045049282007082
605377973142552599
952407504527167558
1113753995396272158
1099631218691162212
961520005500002346
1211613645528629290
1304126533178228739
871182369166598184
1051019701158953010
799739366930907167
813946204374171710
944219853378687017
840538785543487518
732993676522946611
1178356900774023210
735364694277226526
1252633936983752865
830099358187520048
881257199937155102
800710994967265311
876719271730876426
884027584793415720
1061684835925622814
1060222000246816820
832556986364461076
871803419533410394
1316111296562724939
1258165977913491598
1206280526013538306
900705872240607283
1250346664238120992
1212452564839178282
1104906256646410250
891533397544009800
841157065916547072
1280552557055574028
809572082936971294
839169146251247676
865253207911563304
689447574780117004
994103248262807642
1205582340064284742
1206400848683470879
868769832567447592
1204061133955276880
1347947733985657005
797718597270241290
1213360351551295490
815844510264852482
784038697670279218
1308089156332814450
596369686191538212
925686932393033770
361353989280759818
930570416634888212
1091831996319272980
965157610154254407
1033994761545195533
849878766146289664
1340032708637884557
1318866914889699420
825295490471034891
747250632401879211
1227077639529959535
480259744653639680
1017049923646128158
1202618516340084756
1224478723122790566
1133713368751030292
856840091519025162
450683081444163587
1028289211490631693
1076024314085773412
1279013359236415499
929460291929010206
958729288524365834
969195671334813716
294771708747972608
1179521982186934463
267647315282493441
817812852433485865
559962732691193896
948561424412717067
1201869697747013772
828594011987640370
1254424716790202411
1303699721180807178
1204098189796450397
1204644158879305808
1067796385203753050
991077514933841991
895403979968753765
1088092152933920779
1351895327531339836
1189737678002991265
869788967996907590
1334754637114249288
1259077229472649226
1253575235769335850
1258160710064672899
742139036927524895
987269654307299378
934454233795801128
1081620487672696912
1128454030914494515
842836225677459479
681319985301553223
741572576312164412
699374422590488576
977421447511281716
1260489515902959637
593117137384505344
757079104259621014
1209903963751710821
935805198859927584
1197815323836022844
689866082877702185
890884276155973633
874238219238133810
831157283516842024
1030957047027597365
1233657260232806413
814882271235801099
825289106086035476
1258505533124509769
1305134487063236649
1098358081315942524
1294589626388054101
995154726263988314
761599404058214400
792212403592495134
1054193925960781844
541667502594326560
911243744936878080
1201627919102005460
1053790727924109332
1040913103577153538
1211939356244451338
1221464875453382718
320125364464648194
1016000024678776842
1354406678975746128
1325070967441199135
397084042572464128
1286119071422877788
956524141392052238
794981456580575243
1342053248038867004
1272923881774252129
865784415459606528
751409959622672464
1307582244273127466
1190164265932443711
1103000746875703337
1071133504118726766
504973614765047829
747458711575986256
1088251910827561020
377114745561415680
597016602726367242
1086575948188618763
936551646610198538
1143815045898309632
976903034942664724
947733630690668544
1097332097624068106
1064178631997411408
1259283149528240190
831472486478512140
1126117448488321067
1288369345558351975
1110576122422378661
1301175287693705246
1251297019343933493
1243867243943694384
1193308887525363803
595479133371498516
410311810625961995
1040339845920329758
1212120475304730646
1197488939594960946
825842389779218472
1025716724877754408
1052289108271181824
1165516571712684145
950404352168853504
1131814354208166029
1068194083635470366
1058013147740512266
1099981557470597170
915053765462220861
1055251219368656926
839235970389770250
1287607925358985278
1266208067872096429
1299662019066073181
1109698371616243712
1297194322810376252
1215011107643854889
695099154258460753
1100091260720644166
1203656988270264360
735279247383593050
945994330206781452
1317140035891363931
1305865482372386837
836609508821303318
1177016243484622890
1320839481024053249
835495888063430707
1094583781463179334
574352627236601867
1202213474290106409
1115844127221891143
476663005824942083
1130370360852873256
791225110974955521
413461393832935434
899934531283460096
1232030251308154951
1249732407377002567
507774792641019920
1222497436698939392
898756573051121716
1027455517787963443
1334791449841106997
854378998871621653
887934610246340628
948144901462323260
832641319012532334
1315018815171723369
1318125508298539041
1021795784825516124
895001162896523284
980136720303542322
1121340177261023362
393407158072639488
1032980126918529064
1303757364301664266
1268457149005037606
807146916935893022
777505954136064001
1099367563756056707
860566847530598409
1163180159575265280
1289648328551960690
1097082436099244117
1023329153988186227
890595646011232326
989879728481660988
807135769067126794
1004100994373783672
926294182153293886
775509520054222848
237431450553548800
1139279981688655923
514866516748009472
878959199713902622
841064460218269717
1259075616494452767
847371525283512341
1116990111255646249
772030135900700673
1161542585362415686
907558966488334348
1045126333711253544
828347440196616263
1220746958029717598
1333833351416512573
837800898800779264
1203231424933789696
1206225816200019969
512519361903198218
1092097861375754320
583101683178143764
1111257606728728576
1215201808712994846
841927713186775060
939046188869627956
1089756096882802730
979196749593862185
1266296292439621695
1309286184882671669
1088602513852342292
1209506258340552726
1076847897305432126
197631758752153600
1155505335717593090
719936136528527390
933307036052127754
950415306449362984
1304406665948434435
1205107008928481341
1239632146142990387
377120035287859201
862696571438366721
846523166246567947
994807829313622046
888186647517204490
962996863546556436
831962452740407336
1238955606845427826
1157785289201291365
1228240919770169365
925427601873461268
1334279283782320281
1074024850236117082
582283005406609439
1014572499071156316
866577300816396298
1018960280119693413
965720866166038610
1026137853819883572
885311582714884176
339987920536600577
1228735794420908162
880868898868691005
724424971383996426
1257531454020390954
1113729445191229470
1211043628156461077
889058538956128288
1328403717254283326
837420214911893514
1064874559771263047
597749205548924970
490468544991985684
1037313840192421891
878157300244807730
968127239755546624
755395834786349096
781218289774624791
1236143902621171804
324638374365364227
837674594705604659
1001512246758875246
1299473038039060510
1032631374680703006
989543373461409862
1065809875784974406
943129869355728896
574192869020270614
1236698748336476241
1278263576477564952
897128988042997790
1156932919399555152
844131416617910292
1235373638631555154
1200365192102559815
842306980055482378
1140952908968509563
1326598142656774294
1192135983022477332
478398838256828431
581914619514454016
1155599589542477938
973512103979786261
1197846157473357826
1007906883799097344
1333696321756069924
821563735981293601
1216636055969857557
613557200211673110
1270245635576037417
747820196890148866
967746116647006269
903387557344198777
1227321077299023986
916095085471477790
994104277981204541
1266197556241633311
988344364298293309
949947590181523466
1084832843403894824
909848419672137728
900063399998795806
422373949997973507
1040408123191611443
1119592760303943710
1046414658216665170
797284049903288340
666738405107040258
810484109398245407
1049720783196397619
494870797899530240
817755598434730034
1322608063248732226
1109245764930113587
1068055266534379530
1090221714874576948
1172394967713456138
909855637033332767
871768323606610000
451428439900160002
1060746133460242492
955448232949989396
688701042904268889
1188636205630373922
1219987540665172080
1268025769595113504
627169972312866847
1090471078599589919
1168088128842629220
1315774308118691860
1012462778478493736
331435885872676875
930056045886332929
1185316401628594187
1162091653167857827
981287927172698142
1227324261891575809
1305784917011070976
995657453448462336
909960797831196712
1322807559886868543
767278702932262945
803973811320913980
1211967043965026346
1083707600287322142
995748633205031002
952051620429037608
1173536468266930196
1192862983056003122
1214260508748943392
1336256909740867674
993799232156876800
1196782446692278376
1146807236237201448
1243942294986686598
1198653136861138994
1201254418977390664
1131974800173183096
1186675119565852814
694014263588552795
991398732438458408
950394440881676388
489016125359783936
830803406691893258
758797799537115156
916971915694997524
910898082005254154
1023290982554423396
966571518786146345
908953168782700554
1070204324497608724
768792379640512543
1274638904888262696
1001953322623836250
947194000308305950
1101002062248034356
811841674837098506
176988708682203137
1200092692135301234
606780019708133416
950152443759571096
859958009701466192
1325476707817226310
1072939806302154772
1022093261202006037
1295737335324868692
1192075029354127370
768503833092948019
1091634344591884308
1344135351270248478
1289227108844830823
975674879129055232
548091495450673176
1321503341255200779
479312388836032515
973419233251831849
772720265544990740
1283222131601309740
1319982743802613852
848486145562247189
991990464565751869
766290673179557968
489388402421268480
980418907573747752
1141379571917275166
1288616948749565985
1207822282387624009
1314337972438564892
1006947549111930911
573088261572919306
832813358357020672
1066409228660641932
319957599434833920
973686059835748412
1226309373014446161
1259106366547689493
1343558554447249420
1135541067463266425
825450275694706698
860586106529644597
1285941238146666566
882580142516477953
943191847109554217
1100002808348029018
1152723656661803129
1349049059234681034
1222612857691181096
1233047111172358195
1131472028755566602
1048491494283165776
954100032754311258
816218214814973982
1093426031198740521
314593349027889153
1196554425225982075
1073128294867816478
748937837281411122
962503288652181524
866324143423356949
948615331360964669
1009343889024487464
1327224525640831009
789906354722701313
1239705280955285574
821948934002966538
1215725073428783104
776017797662113822
922856940223213598
907559059983568896
938846051069231125
864148078733951006
834800172785074286
848276647386808371
938435701555470387
1028665898007011369
933975731623571486
763008587081187348
1048020461570764840
840877407689768991
854677587551584298
1136054558318133379
1338828157259874357
1337421456820277379
712389739394891888
823943274573594634
1119111651107541003
693982345119662080
1245420377547477096
867083368952758322
925405540723613828
374608800293847053
1035460801332518964
913685235844149308
961296248164450304
1084142482788470867
938067281001447485
509821376488669229
1223282477699698729
830192096308232274
1248143793698639956
844811766575661127
1355318389178105909
1176481678152171540
1334910765420908627
833142506114777108
1080993261457518692
1215921932097028208
926989049539997728
899290363301351434
1306452049675943956
876445459844063253
611050902778019871
1165879102176243752
378930641934352385
1198909047257174086
1082903023229083698
828301843880738897
766680175365980201
1236921163876401165
1265998289468395655
842337186887237664
922952064894631987
1256232098356920410
459758006310010882
705388358897238067
848030828915064883
825715483441102860
565085663368839170
709191986715820053
951671412974829591
912188639428096092
931732075512483860
1039976671522082878
1162771217980342302
1119938161225760808
1042729752252928060
885618771602079775
1296577905698013325
1221429747142230027
978583631230558269
1339107334995054644
420969492709900288
1250054800834297869
1309563687463293019
926090466154385438
712414470789660675
921344022298112012
1233787964220379200
909804707076255784
1105804229630767144
828070863538356274
698278719718031390
1312333535591272502
448735806308220928
1212271584207831060
1275722313119305803
918014709846900776
942967816166993941
907877750818373662
621721383352664079
745634743370121297
707095574129672222
557628352828014614
825303864030920726
1160989100959076503
876743856014651412
832004663087464498
1227110976944607233
1091244089875378216
722877706819338240
368772345889816586
1126310025472770099
1067045061143040010
770582541592952833
971832477201088552
955002942015037531
1032649505692196984
768041789600301066
438399895909433344
1247414448176496687
884102967828029481
1351192810136797276
915085534022496256
625249627645542406
1098132282189041714
1022222073222938765
894236874841935962
1153211697318866984
1027837306243133490
1327256154950336565
877443033849802753
659416111829221376
1245751173755961484
971260496110030888
944308322926993419
715439765947678730
1168687393356906557
1146039902379724880
1176485304010551306
1327254221904543848
1333270309213704264
1292524050987487405
1250291469680381967
1155104579474706483
1296401657608933420
642858372479320075
1170688019221716992
550567595569315841
755406278238535751
1278257876757909548
1338947789270548481
1205926570808578090
895948410874638347
755642813500227624
473962319937011746
1077465985075921017
1258168022699348062
721357617058021426
574775746552397894
447830119835500554
869729476169326622
888064715069227028
1287515250341707927
1170280602860257337
850746382537195560
1220831695297581099
749428937637101589
797704829102194740
1035616605922664499
960596437157159153
1222337307546353835
1291084129261195315
1140159600398704751
537390534646431754
1136998897248632893
945641456230613022
1221098097648730133
1204761397343424568
951805410703196160
423095334844104706
1048522031697768519
1146933772563009686
828928834874114138
401969017901940746
1221692804175237171
1197130991760851019
1208484404343742604
1117393228962992148
957247111232110592
883377163980656742
748918206781194272
1208672716346097760
1143570887489110116
307681215379668992
1206171400134463512
1047561818891092030
1210575107362132059
747472355348971592
694638686590992404
1176299406140637247
1277215290899300362
878706343844909097
915488678766334042
267380721918803970
1057717571429867550
960861104882462751
1082994812082470982
920991204697591818
723487849688727564
1173836233940664332
1223248993685868621
917658799488249856
1069243691673333800
1204699874675789826
824620361874276372
1192394401155133441
1091880773109415946
1262618638343471105
1252159346259922978
1235340145205710860
1091308400266186752
897797110278262804
540988879121940490
1207171017856913409
1236603990851059723
1065734305474674828
1238873521883713546
1205280202528264222
462600521568616468
847433211071823903
357277553301520396
829000580663869440
1336692993175846934
551305469034102794
1131776484290338896
906601569926152202
1233362973200744542
680025425954734126
1130684365807034379
928677224255721532
975073513545293885
815525435646672917
1082355926616506378
892071641142681650
1190134442510000153
1118660644418367488
762499331202351134
1042728464299610112
1036486727004602388
501113418372349952
1316524174851969055
1134366350110904320
1254859579750088754
1101472375964442704
312875475020283904
834178279043891260
1078142790866849794
1298692128171622462
968635175862931457
594487567249047562
1309090731876417618
1173358621887832098
1215075992520097793
922870163647365180
882511807560957962
1229157994374238359
880449750736978012
734887518100521040
1291774249333293149
735348610581135401
906022507084120095
1227781235435376663
988479607969820692
1214025468693717034
830109095406731285
1226110564367990824
710284965073387562
864547689613361202
950269573393960970
933938692886790164
539194690919202826
1008411399799705730
759415818626531353
1033241378219626536
548511512650579988
446321243281686528
444944813805273108
1034818602500632688
1300113737079980052
886912357429813248
1288536929478115380
1105313148019421194
1038964654375972946
1279549882138361919
956333179801833512
1297518366705188897
1201857825157152820
896818138086260736
937281458597408811
829181232595599441
1320201630083186759
1142494313339691078
1047048375826128897
741355835527135283
1179814457141121049
1278707935257821215
984527279508045915
1212358217200574516
852863734770696202
954118184993189928
779531083238211585
1050094914844753940
1163029274094223380
401005528735547393
1081335073963520000
492764986062405632
1011465202606288907
681648944031465489
924965507340320798
1184107240957939732
888661465781899315
803980159572770858
1007115267287040114
823583488778698814
1143445265630629938
971361191224037386
1087749017812873286
755867485680566272
843889855356338177
826999959219863572
1080337519343841303
1145129796255371264
1259087689798652014
1137388144099082340
1325461316869030060
1252851656966541396
509445064041299969
899945789156102174
1231470869864517673
889110396177367080
960076999085412442
1034496888663191604
1134223111026397335
1247926007097327707
1047968844662190151
923903353061244928
1214277240154619994
1184293668459393047
1318852639898992650
1288795167750492303
1214025881547440179
1311724545891368963
575281993353396235
1224670641026891826
911983158809997332
788500636144369745
1090290691835437168
973415159445991435
1098340034144391342
733684050522275944
1345835004298526808
948082468962058330
820989964593397780
837177993192407090
966749734054285333
949050904022237277
1333857122525646910
397365078627844097
916100768245882880
644964266042064896
1349948976950018102
959878464536735764
458677250275934208
994102696019759124
1180159102886883410
921864211179651102
522354433128923136
1292555618871283785
1051823255759106078
1068607225259634808
927332750900469760
954343473501319238
1223375503180955774
1135246159460433940
976874704595984424
1034401352933183519
1221731285807009842
1046039126744506368
853452182263037984
709277899303419904
630350868511850496
934364683446648832
1259078513579786353
1349363574799077456
1197588889322397758
993913711175667832
881750640089501726
1304659945865609250
1324281362718658642
1173840700761190502
1279427943684112435
1055845535820550235
977521501936963604
635543992054054936
1354430558603706418
1210795716709056587
1074048504554586122
791020353920041000
937763367563694140
394184187818672129
1148276154193674394
1038103039598407781
986219985166827530
1232224906700394516
1231468548195618888
1062823647821185125
990969748290433075
887772418557476936
1147570506778816553
656503056728588309
1026765960285257770
954234567265484853
907693587511279666
859580996143415337
430712694346350594
935583598977875968
610101475716235274
1211952810191757357
885491248260059146
420306195614531586
1227711626929504338
381503785328967680
1148272899778691083
1092906815383142463
1131961230454702081
834842088171634788
670643930781450261
881385999534534687
1142423297519276165
1036623121828028496
829974204463448124
865521797411373066
795574788151967774
1144117697836228698
1075480588540182708
823218535756464149
1048488928690315284
888257518025986068
1245215193546625094
1092395923499401237
852357125262671914
1232917949828825110
1223874015110762556
647452672810680326
1174240323048845342
1200449822151421962
1011576289628528641
926437970326749215
617728381877747728
928695809669754921
666652709067292673
1052930564052750399
770002087093862431
936972249519513641
938671444378931241
1258031566190411797
843417208017125387
874675527812780104
1261531067551055934
361092048981590017
923787919414673408
1166023963902759024
1019964172341096553
265839637505769472
1043484977528053760
901467057839833119
921646983503044619
1121774286697418782
548096961107197972
1167805789193375858
1217563207049154631
983408134422925367
1206273577775669310
1116402211216433162
953979547857059860
580448695863214080
1344563729274114099
1201380896914276406
825420152556093471
979411695149678612
1029405121026732156
780315259424604221
880385544264220672
377771282823118850
1321136281970933770
840819150783512587
1293203341496811657
998830358575448144
903463136596750338
1019311886250037281
1106581482564239441
1033781898918510682
921171778737434644
1203001748017381406
895200847397548042
872033279841271818
1122951227341295686
836889261244022785
624575779023355904
974620188194533436
839147841976664124
917905238801920071
1167198585381732432
707087986445254688
1273425533258170463
956926698727821342
908100061207093288
1260907136377159693
878947387249393664
1192772063258226699
1282971617378697303
1230410983411945543
1327577664860721164
1198563713452621879
936846456801861673
1071737089026183209
936138536430743572
882713437170438164
774681716349861899
1187307068248555641
653138786061910019
1034389192937066536
1153772794123915354
716813685862957108
1153354426866749460
672127013057724448
851924935751499776
1302969550156988548
588078786071756831
776888951175643146
883867648260194314
1205313217404993557
1074917893654974496
885126286622720010
814838932138623026
458105578380853258
1192472848208507041
1201824350588911656
703070168460296333
1259092448706297896
1091075258502627508
760536807636074516
1145862402143957142
1166949184906215464
1281787256637624396
447156923851079713
845593095576092693
1153543848274956319
337352798142332930
737644238556364843
1013109710725066863
188290991164227585
947647745005600790
1132427463125897346
787248888204623873
1206340268127682604
1336741019663859712
842784049353588736
831833869593346078
1230819827237785670
1137639042507358259
995231266070868010
922131901890822184
895579271068778497
1348029648952492082
426817755937767435
1161706340020928626
1081573262703734794
1173461340514422859
627051974893895700
1339107328993136663
1323998491734704129
393508212055474178
898932422807277648
839564902137069598
1038474897095143474
185889501556506625
551696519338786823
1296414769682710571
1197427321569804334
1025197481669165157
1231223132438790207
1190556053956460635
1056488189021397002
1027239698017554512
1092059385511034932
1035258633551880322
1343632043212537866
1239609673968124014
828592653838712862
1264157264328003586
942383489888690206
1097272037266952202
1046185499645202463
499567962030866433
384251683640705024
400647585838268416
888389551440162856
1334749096375877642
972915485899362334
1278001062753865813
1138399252771520533
1196594760333410355
715933441715208323
832830612226048002
898575806614368268
697721713885970534
788646950273548329
836922985759768588
944132975942041630
210827056341057536
1263693421445648474
1133018299668631624
673417929286483993
756754512399695902
1240466640097906738
583896017917706241
389694150049529867
930803443755532298
870685249229688882
504326582668754956
857353345189412894
1134171203595161611
1244020483910012959
878451420699955201
962076807362912318
920187681462439977
548311266943303685
1202914495555702795
832318149440438282
1225788136794095626
1027920833844351027
1200006567815299092
856094936797675520
1208790577899114566
1205241247233478666
1241816555520659562
525366068730920963
1050445392409526272
943118705636823110
349017266953781249
950875120484900914
1193907823139094578
1096647857622224929
685009595076575303
1180074900594118727
1232037018486182044
918527031581478923
948122023933132820
1074899434149785712
937265352876900373
730216874272620584
828311966598168623
1259090746670321684
899412838731358210
1033643361871081542
1229058746765017172
1035425133617229824
939204115676942427
902464825718874113
910745256226607145
849988574408867841
512319684176248833
915441319214710804
923218131877507162
1323615724849074197
970704807872589884
861242200361140235
1253408495903047824
876822252086247464
921734282488213504
797426033863032833
987560879736389642
1009648819543224351
1158044216623120404
493007477831368705
892888515229155368
813658680809226274
988876537061343242
630221783651319819
1102653215666864168
1315004410589609984
766125521741414442
1198358908134240366
1201544697135505469
1256999943672037485
843913061663899668
1106133653135831100
1072939783812296787
808809315732553749
983665623294943283
1291427707367718925
1097282506715303986
453965969686134806
1243323721624850563
947850201291427870
995709039226912788
1080984974481707069
805812980243628042
797399225998114848
1317144085735149569
885831091028639764
1305551940633104497
1245992189926965264
1111239018957525022
885695394292576297
1268580154842677288
428549615579693057
928413249462992966
554556409673547776
1106109872656883726
1085954768435937342
1173611331639853137
1128635082542944358
1104251823184953434
969683678076739634
558672099418308694
1092994698957836350
840951983443017728
1094944978972717076
1060920241649106985
980818452266745876
736903224380096552
371005840829841419
922448189074866187
1266704468116901967
1268592701826138132
1273287567168639043
825292322307964949
1323635916782436445
1164956140900208663
1170375368289566720
1317003820718362734
825349487815819286
253104824218943488
1155027303059963904
834044214516908043
825628599544840222
914619528485429332
1072198820080918639
1039194649295847507
802655696322822155
1353046247799390259
759024183513448459
671062402346909755
1160530076799074350
1128112207650103357
704338294468771862
970460448895926292
765704286364631081
1327749726694674546
1314353584749412487
1275394879077224520
1148664579795198035
645626503110983720
1071983264803336192
1121773502157041714
978702894297645057
1174629543944921169
1284572487413141606
944119297096187974
1112430368402980945
695940677548376115
1020965716683391026
538136245398929409
806311298324365333
760464694712074242
850075593700933652
648724005632606238
877717891200483379
1072644738588614726
1227998757388554315
545264780450201644
1208786487982690355
1218646524754399354
905072546603499540
335201891015458817
867036962631712799
1093624086065856532
1166472548213600308
1072057378742206485
1281587956766740512
1130126926036615229
807000396605423697
840991047010091048
1201058343180046357
836898695080575026
933307470925955112
1259084865861718070
1025866583475757127
896717998864355358
828285939808731147
1219877617101049858
1237108015426043965
829741535997853756
1042111711135666207
1192573695198253228
1216590303654445077
389123540898676746
542408730269188101
1222785649510187082
1221889065419407391
951868408356564993
1120828575122194605
975713728391704656
864785239082926082
665904494768291853
1013434280392785991
1334868054185873522
1074973900225663006
818062022410895381
827922948115267604
1339115842167767061
1306342797347131527
1256499770202259468
1132378039255306313
328597821731373077
941364693967179786
485362688718012417
1201578745446801418
935575586313764865
768080603395391510
364392361033465856
810095092794654721
333428455251378178
1325788102324912150
747486054960988230
853645579368136766
1275074329196888105
926293165147848774
921834465842565241
839178388957954128
1284708874481569804
759774222829879346
1223617707186982986
1216072235031461961
1261529234631823502
839532084132708363
1145325086887383121
1136801963539972218
595323813328191523
1271428395468853339
1214109247755911218
472650844295135242
1233252147936624660
1130285489379880990
987400303374663771
797454362142048296
1150982412923318292
952401399034036294
493707310808432650
1306645425318793224
917368830265802783
1270774835982635053
921716135622213633
1201510056261341256
729634403642376232
1222809524247728149
902168973662101524
1032526269683859466
1332557641309880462
1291250606261932114
665981313827864586
972981287293972551
886123330611068981
1153070721359163512
843054236643098624
1034439356640935986
920331715438858281
1305101796536225813
1317139023323463702
1058483258255478915
1329242523000115266
1318652456456032339
1113447846117654590
891805615003955200
1182660823697600594
1129167504997093437
1005014101484900362
1236335189060485311
1332175159687122954
892433118366146640
545787072930119683
1284028049662283850
770215090368413707
1128190304684626002
831771494395674635
887454085127766056
426451131552497685
1010219614489296896
842075501816053882
940523874162987031
1325494264808869960
990260218032169010
1227487909763088385
788771560290648104
270691349450326027
747688532432125952
984315476714848327
1316998647661068300
1125626902523170826
1128945155156746341
1208077803317108826
1223253257510457385
1103668851482296350
1171535992231055383
967305057798348851
537614253469859849
835509056621903873
1055536690854383746
1114487469799378983
1236260285816377346
1040377440024932392
391337158977257475
1064969793393917982
1352467580694302783
1251507103424577610
1214057442380349543
1311403897281187901
1101454674088955934
854572421510987787
1024775529095766049
786517933488209930
782881550113964033
1326883054668484630
917407594946134086
1316571178118156360
1224319939297673337
1199241262029602906
1193238411105022108
723622417091657761
1284216226658128007
1015253781111382026
1030820656356536361
1038202804629672008
895175545770377216
1035133319295275050
1152931767582457856
914799458036899840
1293233676045258916
1345750368629559376
254371826136907777
818950250147741758
1338177983285952513
556108929487077406
949961053259829279
846087814147080232
870225269561118730
902082468209885194
771293348103061514
1032921838558396517
1020917357595602994
906419744901566464
1225843561346633873
1304349813210349620
619532540658581524
936118039202656276
978973966062473236
815504529461739552
1112361518764413020
1319060877777043467
833661992904556566
372226165492154369
976142595711463515
1197772866838605938
1334221939954290792
570909975396876288
1322460523278893119
1221802570339586088
1152902536009875556
825361655034675230
802580094395875368
1084862958062018660
521366239130419201
899111239601496084
1198655343333482607
1310532908779438102
1113903973720666162
880756744580649001
848767603661078530
838517948355575808
748218683289108501
835645379886055435
1211050739745427526
934757837828161536
1176263585882722337
1078180508409802823
471626114285043712
1203662258560049172
1178404993146040330
1109496292830363738
936552399819132938
1147817198467960833
1198877039596425228
1217805041122148477
1272509100277760003
1271533702840717314
1288529354284077057
342174960166371338
877532856400879736
863373273370460180
839041357305741372
828859599112372254
827842047372558337
960606728926425108
490109801976561674
1033631227049156638
1101931387675746395
1118055264520785970
888400134709334046
1106898054918971502
918679119523360839
1190259922089299998
816879962887684096
528880003832872970
1311576389165776896
1301156534205681748
1324777067879075955
883249443703496715
1102362908098302049
1107226557283569694
920285728888471615
444886815204442113
969938707194970143
398904395070308352
238326830392803328
1330741706219585628
1307053993888845855
995098518379315221
985306923370946570
630819614242242588
1007619181203685426
877016793120645142
1289240976719872015
954937335718477926
1212910072808873995
1068158348056342628
1203679092424187924
406472869871222785
1305998384666120223
1107289027025064090
808571833850658856
1334751502442692631
870509372676120586
1145886111651074069
893556847406116935
1140029755115188318
829382483471892571
1186367144817086606
872835843914612758
1241033696824266836
1092072526525517844
828563218305122304
1227270177163313229
916348555961180172
817821056034930749
997500558271332412
1316088527385137272
1196033120441487383
930792805327077426
737756927181848690
255785329431150593
885215810648436746
1243624737633206312
1034405267993014292
1326468244546256918
1197572926673780827
1221691392443551850
880100663516860446
1329110627104325642
1004036374724354151
998923109002379314
825356414024941599
1258159384576397366
901366638841049108
687702998230761505
461780148212203531
983917370701676614
1069322156506370119
926367914188242984
733558635396857958
925720599601508432
825823248464740363
836258377545023518
1023547858449875005
1092162702392168518
1205905089567391821
383945424077324291
1206403499848634421
910068240493989938
1146996322331791422
969447051349884948
1342084905538031616
1067777786762252308
888367052941844500
1102881969467035739
895939917492944897
1324232091428454421
1321831858149003289
1160313713874706442
409211511819599893
954268482210529300
655998781732683805
1218936516164976770
926364893521805333
509047580165013514
1234907258383630360
812363514379239485
709405353116172319
1011552790692241458
1123615725442056222
1266205423954952224
952308044618932387
1103516654979252244
1315867475455377561
1284788598884794414
1025474344937328710
950283298171658252
1147190763512406029
1273281257974923329
1020049184197455962
980932715044016168
1025076043591209071
1136579698634268676
803820782366359572
1264971910446317658
1250269865936425071
380649300507754507
404866299034992653
732480751085551638
1255043801496682538
797631912352940042
1126033763164508180
1108344825931120694
932054236466905129
1187148703841132686
1152396093599010897
836908118629548063
1338938735496138833
1040533420767465532
1291609459902251070
1207210945038778404
451174294098149416
953150131786612796
1298078617808404510
968047366861111306
1026063108357230623
680360251949711390
810904908937166868
724786274937995359
879042962649124954
1033552185868419092
893078072063037441
762102194987991060
990227817784545330
1098852527757332511
749215946383687750
1094627050213605377
1317829684989526038
1138127071462305882
801351127990927390
1136267997804236892
872127789141204992
836288442073743420
786065447279788052
1217206818749812928
916058721631760424
630993450921099264
1248560668622458974
904979339534299146
825318349948846100
712586794117496875
860459928020058122
1161149734275264575
755000626974294028
413656697429688323
838403789782122517
1072940003069542510
894903918528712715
503773185674575872
445070904049926145
1036619021115727974
1345824401706455241
947008098785165314
909138641606025216
1252003261188276377
801026791509721098
745900103826669618
285118722493120512
1265353212278476800
457946382519762962
938906936320073798
1187807741050368093
828571626421354516
848961625495306251
928134308064018574
1295070978748977172
1229472050289049727
1211225925350465587
828274007987978250
759851476566016092
1290567161798066212
550752472101027847
1069729034541486231
1033106149400121385
1210242344670990401
1257570906176360565
827357212908716073
1126006752169701417
1240261025484247074
767782627016966174
663151901793058968
575038021796364299
391309820646391808
804331560216166431
864514264940150824
963800679011475556
841049814275457045
1176135236153774205
1257993063238991893
398542441243869195
879210244834721822
691170584247402496
1296745764269064192
942037778684846151
1214470992295100469
463751720481193984
1136705934861803540
256096234471686145
978605405850722354
1312133941573976115
771291651439984650
1127593321460678656
1252111097356484659
853839437170999296
1097589540622979193
486532774967246849
708045678173093912
1098612078580867142
1314624035262431283
1291293882012667934
653596948095434793
865171976305377280
1022092414749507584
1313498319112241225
929641847096225843
627817109371486208
1329852000325861478
1054319973427859467
1323461606763659366
722055021616693299
948173483584667668
930771664453640202
900030061430857828
935246287438250044
685718505982525443
1327155524038557748
1258156574992629800
1090532248559829032
1185818596895637565
897111348239040543
348079311082749954
931514521963614239
1273881657073598530
1311397105365028944
888389838322143263
923172383714586644
455113935448965150
1293035657123598442
753866291453886535
1342851884163268618
1226097307368558676
1243362151771668492
954329724065300500
1301955654109626461
828177184144621569
1181988404397887525
825310327226499082
1218575858118430750
831761757991206922
1272832860491092000
1148279447229837342
1289247204267135031
1189502135063281685
1300802786471968778
1203276412308684825
815508631566417941
1061366306055671928
897519234559647764
1313326087727616002
1086573660866891797
1212341508632485920
1300789985875853429
841921933321830401
1169511969540292659
1048323347873796207
1339115880918814792
546010894300217354
1131116141088100443
498602088373420052
1201835360275922957
1228991268823109703
842296994248523787
1185134774608740383
781219742605246515
852589529214615562
1325494270786015273
1220415817724727407
766358970704855103
622585184889339924
750691717120000042
655309892839538688
1215910734345535519
917167631738470451
1278914118681628703
951580663587405885
824611740401664000
1226340095989256236
1037757731555262496
992619799681171486
1068593088655790162
930812311722160158
788411584073826394
1288417635632943207
1095951048679628921
429315828949712906
922789607760855050
1035107521641332736
1163826776376619038
1206208823224700989
1207633520735027212
1108259030692024330
889911712994697326
870568861060194314
953785627575451688
370088515544940547
1043932608012243054
1115144166545035325
1072940509884059699
1235899030782083096
1227540123260948552
1265010035147149364
1216283953107959839
838906049436188734
906081814416871434
952383188360122368
1004042809772351628
1303595831206744076
914204922965286933
869478262793961502
1205518191418277980
942494767558823998
1138158915377451099
839888008983478292
985826445463027723
943320328560603176
1196163272618021057
886427494129995786
851060866938044417
709049617366646847
1193399748644839585
1269742416580186286
290561577369862144
825230028932382730
568392677008080925
1212281797329813525
1026727982871609354
753696400788815874
1222477425925951542
915868985034174464
1230117438230761564
828890653802364930
1311172523093917727
888177802183077938
399531671071752222
878640499370643517
969886042834493480
1198061341097857185
1300059280686448643
1297587848886747136
945941178807889930
910373796005941298
1202337705959366688
1053389590335062046
1218538953360015502
1339502365317009460
1034142601479213196
815499178885120040
1137747045822767114
929598733811875841
1232278446323793998
1199354289882149025
1249348242492358747
1319630204640956418
691544236881084466
937556393278443602
389219410591612933
1316753123527753768
451563891890192395
1055490118540066866
892488359904165968
1189701683345883267
1331141936009969696
972132906195644416
1056637137577066496
828666010395607100
1072411181786091571
904399569104830504
845707692010111007
910723175946547201
846293539503341568
1254005557862334500
1105513169734074509
442006517789622282
345553543870152704
1210131146520662097
1013801687401648310
743361405964517416
895057570518142986
898607985423704104
899668771487252520
1154457688512659486
1075783990277050448
795654929859346472
975678537052864573
1297236031653023764
399794859151458324
1256704428027805797
1221187027018453193
963715130401644584
790595392361857054
940618945956827176
565542982086950913
1292389973231931434
723360822046359673
350033546263527425
1226426575717924865
1068474328255037522
1265301778438553753
812797754149437480
1045554536602939442
920718233718378557
870994078941196298
1014976841947283458
1223877681955868707
1252548096118886453
1217557245060059146
805711600832348170
841960709713166346
1015644738436735087
983332688347922444
869514817336127508
396645286774308875
740520865992802334
990908467978072085
1105585186202193990
792048505241862156
1186715853203460159
1077074427436597278
1193705201849352194
1068817404832002108
1138416128213917698
1319592237130055754
1162077890964357130
1118610124366418073
1163781402165268491
1107876346165743746
939427405595041833
827075275492818979
686411696805380115
831882616193548349
1213243659286351884
1200747972015685687
908998859450118144
1291370283931930637
879605030766932020
1084177671803645972
1182216299561099264
1130902258691870760
1197889773164052505
1169926890954444814
855340003923460158
1341858496156794892
400782469378473994
571561027469049856
843129136154279976
962259601938583552
1032841394076790794
831435423711887393
336348845422411787
879305542479269928
887728119644033094
1293028469650755629
864166270685020180
1300002193679581216
454943595237998613
1258096429780435097
953981144435675208
751498822991216682
373082855988789249
1038692859676729414
1206550119709802566
1208349528680300574
1014838128986562600
899928079802171433
829012719599484968
1263377833405714434
1304468553969434639
809479331347824690
1032672837334470656
857272106492362752
1302083878265294963
1105886812758622241
1307970969259868210
1117534366734753903
902830774045253683
1184150237036683405
717532698440105985
1202261448655380513
1270637162030829599
911191164080783410
1240956863777079316
1227987512744738820
456397485414416385
720575352728190976
1068942574548701286
610762909668212737
1296733676649840652
1149266950023819304
832591809347715132
1239469531404042252
1232237183134470165
992532046369009674
1163997062900228136
788850505358901289
1197794206501060669
915974835514015765
393045310680596480
410845477207277568
796721106689720360
795329861241405450
831089635992141864
976971174900813824
1205849860901961794
959104419419541514
887621514168520724
572374887742570506
1033278893588742144
955568467799584848
428036110581760030
315920725112389644
1225567761623941211
1214064903925665802
1239524892781711422
220125902254768128
1340210429238054973
1263592941184876772
1180583177241239573
1338090018702622760
896055497948541018
918416348403605525
1104082918076325940
739734761823535154
1072626612933251142
912044380012032020
660108209926701076
1127531783915843675
625907714324824086
1039030508375506974
877852339682312202
484406668806062096
842623038038212638
501860080942186496
845321995264327750
792822494218158080
1054744533683941416
1258776017443622936
844573852008185926
1334777385131708426
1101493320938688512
751678705897701438
825420710918226012
1149696046667153510
1086728064316227704
1034163098338209862
1268567270183927939
1135183906874871859
1236532303447195721
889806839615729684
1259085802852450385
1069009810051313824
1121413912185806878
1032861089467219978
920818956963549254
348170737577885696
747660282171621480
1258162605470646404
1343088963321073715
872884839592906822
1305833015288528926
976153390302236672
926797985763954759
1168215054529867896
951508265278242907
1280922834184441938
1125784581753286768
1298365400710512654
1113709937768538233
1140904153523167274
980265810511671367
1226141807637954654
888123520981295154
951957034163650580
731208860106489986
923801014648324116
905885536793809030
546636058629111822
831194779172864052
711876547140649030
1296400481815363585
614826279291846666
788763447327850526
843474082996682783
684057226280828949
809819639177543771
816179857226596383
871195942194389002
1072940271312056320
1002218214962499655
434737177658785792
759244731837972480
505054715025817620
545813182405410817
1233870719235129445
1250187249921032247
879064595531186256
1290690783443292262
1116732595603001436
1271799506769281139
500805622594404352
1204723178316763176
825270310126485504
1278408693771403328
985559430252859453
984377494192930846
589482717054500894
1180097900383047713
791918666328965181
1136200946918117446
1234882273241862245
1211958546267246593
1063560421426073650
1169324974151041084
689214456483283011
1144286186219778138
883548531628052541
487665086501224448
1355600610124107917
1109623185030262814
850285132476055574
880002756767784970
1209446395849871413
499304010604478466
911602481786654812
1086389525292535959
865451677829038090
1198837043267121175
1183541040997728276
440568661170847745
1204952040313323630
1145481583625764916
912333624353894431
1150424667740455032
994103768285188096
838543734307553280
1316482923733450764
529215698262556675
822460350813306930
1260295330189152366
855000911175614495
900894040915083274
912573475300991006
1219038854527582209
1214037829026578512
747619296200622172
448105360079978505
1331324134189301791
1125284677893226547
1259557388248420572
1246354730599452693
1264990117181919335
1162735464738979980
841795250967019570
1201220816801648650
953482340791885834
1304362667527372843
1331333877121417383
910915564225036380
275360940382224385
831759468626182165
1316695473305681952
1191244215653511240
888143547826602075
853889021057695785
943370989587271720
824614525612589056
1340006109615755314
912230039301541939
776789110509535232
1078964194734510101
837387546827948172
976239106969440266
1172220001344835624
337584641156448276
1082270671540863016
877375742839779328
880395776969285632
1237066236848902307
888810902923665408
1094691244728402032
1049271007623516230
1183570732853239849
1048536988652941332
866112138963451914
1217333354580541530
1055387115044749333
1274745153378058337
934295791227527228
1319257512029192249
1217751097888870421
1155778640575995944
835012419163258910
1337616608717312020
1322811511172894743
903015783523827723
1228248055627907093
1200111339968921661
1009723242174496798
1240912288077058068
1324011034079662083
817757111487299585
854468622000979968
1247564360700919901
1057300191927091221
1171077595161444393
1215016015856140348
306433237742387200
369955055023030282
365930452621721601
899940876837609513
880804390682890271
1250709245888958519
589838800272752641
1158405270448386129
1083626625364672533
553184553531867139
1014929313470095430
1105796731490283530
1038496786450489467
1335998762652270765
1277970058773270548
1200019547391004712
1047829434859802695
909622238733549588
1262617338965131361
1294608101428822058
823623861890842676
1091614878021734460
866245621874163752
731892380294447166
1330977956062953583
490142841633505291
1263992456328773774
900012090822098975
1034462198443024526
1062241026745581632
727445587556958269
1268026959875539017
873146421539385376
941188129556152332
1203762700942053457
1305974095409709099
1196277354989895710
1085300738806272091
910275714232758313
1258164215328407555
1068580212117344358
999689383722635315
1316285490193891431
1061470009060233257
800592538507542589
1169196529999953935
1300864879426666507
944983507418120203
939532912653635644
1325430351010463774
858369176683020300
1199364647644561629
1305093967263830046
1289810038797504544
1055917470881431612
1287489169265791036
1197558324095369311
936194225987547186
1156532146505256960
186053050664878080
1284462361201217637
669434156798705665
881361886250147901
1054577609985490976
1278866576585785464
655219426261467137
833678402652471306
1200358072862916608
538058954098606082
358620107947376640
1122252482333130752
1134614736340779228
916030441025318962
1109566538392027159
900343683143049228
956073055099179038
1322883820676190330
842106068859355178
881229707377524746
924595945029636106
1027431517917556806
1088364475490517013
1081189355336515594
1016286083564187660
1159937377511407638
655751337585278978
825314998057566248
1079539329409495132
1158828953776173188
907893009159426068
893135448615047200
846432388514185316
806744219837661184
903950496551809094
748190384563421346
947522026724261910
1062412086489129010
854246075493777408
950314294124380170
1090585253711728707
1300898964102451223
513609532921085972
1122578702073602198
1180886424543842346
898144395872862208
519163941780193308
1291285764172152873
1174041044019585034
718903317824143444
1171845355999076382
1224248314753450015
1106198569393852487
1317324191686590466
990968198339895336
1011520799456374796
1196510570900377714
1243199597614989333
1350831337212219465
805416314465157120
1190510744463224933
758688021586772000
1237924618778710057
1188967610939879486
1243359963112407152
842371730780979211
872452265011740742
1231885263295348798
957010833819463700
871203882045427713
822790034221563965
1227215721357115503
1036251602908094514
768841487051128843
1195401979099365429
538370018887598090
1234666882456358967
1248920585791340586
1302902544368140292
1222129666681339965
859724637822124032
879727352907722773
1201615134204895325
1091212733858447431
679061718021701660
750699276073566288
1200027633895882785
1036488487509176402
961655274085687306
907691602598846575
1127387315250135051
548087080388132866
1243590886269653033
853793909191606282
420642877341958155
1219038395502690444
841713610836672531
1246350124637093888
879633387902619698
709653719163076619
880890529238376489
1105469258835705908
1005415354136285194
1159029010605539328
1192433608753950852
957258860605890590
1023487133224280064
480051721335341056
1071068778357608448
1214051989554724886
1022272529152352256
1183119817671184535
331167589340413952
1201626289602297866
1344430074702856323
706769395162284073
1225341622284451952
1186573728298041344
1231595599976071280
1263209666930933924
1190671515788775425
1130421485715075206
806534073680920638
466159132827844609
744934247831175269
1311640967719157895
958787513684742206
923625380290650222
708901448695414804
1192095370294087721
1266335672885706835
1287417407228346421
1227999935086202890
1204528809450143860
1010940938069213204
876805314354221068
1121973636773970010
991256519406518273
1343073958525669411
1065220068738334772
849321993945088030
272898104775147520
844299084889325618
839762931947274240
1259549752035643529
1042797963845574658
876199415415701534
1316410705955786772
886559624965283920
1346797604016488449
1069020169327886429
1087643443368570920
956486280940748830
1207202905149673503
973306011110768690
1226014150660980757
1047971131979735151
970467916589989918
1107617031223775242
1085918001984966686
903254507230752830
1155480182023536652
1323510638575882251
1071872082348101662
1058380287198908436
982083985503051786
493158690447425536
1205071821813321741
691705882542866542
961820800556597248
786600239590670397
1062721058307838042
1118853074434392074
920970858896429066
968766245811929098
798434398512873494
1021050447286517870
875359266352013312
1258003437489225829
781040334569603152
911869360455442442
917859587443548220
1166353152765866105
1185536858055266344
709264760604196915
1052188986812137514
474263383051599915
1091136520980811806
749183684979982377
1319612785495376029
821833714211487744
831372924162277416
901197406161489940
760642396118843403
871693390729863209
1233146186857316358
825317279331909684
1261011917909266584
1106571376934006784
1086331207089922138
1114482776897507349
543850849953382433
1022376257662484531
963459789738881085
1238886052379230208
844098699775967282
1315577155836710943
943337898848186458
885391161928343633
929043729841541132
1021447464814919780
940186224096845825
1036110762088865842
1189425590151946330
1226991450215026861
1222205868800741480
513796010854580255
886934539610497074
267795281121247237
888280505173291019
1263520874116681730
1212022280272748566
1048231553760755723
1045994149326901259
1009166994085511211
935868106360897576
788120686781923369
752786447689449493
1312003971019309056
904882609425899610
946988145998700604
951498002575527998
1180144677505224775
831949048550260786
815501381086871592
931500063757328404
768046730825564160
1149309823289135124
1250004297140273249
748911597732233366
1313601854881665126
1252264164785913938
1223962893100388415
1187370628387438602
1227931263113891932
293030642768412672
1039574450821156875
747317329389420544
1200141600777568266
862424951055056916
936169343589416990
1131619650187300904
1074497495570325614
815477193106915389
848165129580576769
822375029899395134
912968413268299826
1125854744716521584
838294545426153512
398129356343345155
1334458545541877780
1068390520403021885
936931025248989244
907663533964132443
1182966317767204977
1049329664923017306
793257084623912962
1048606445911949332
1035815456805769267
1272803767968071702
651684524773736459
728300446216749066
1037785965965611008
1002849832207122472
920555805005213767
1315325403421868032
1211956361961930766
1103979864308076674
940654787337273394
950412700201123870
1205133037906567262
848928434037456901
836346914256846898
1007997459622015036
1319591199215976468
1043029058163851304
612612060399927296
992493457656512623
771982046385274890
1175029591174299743
1034170173608968292
931629521604599858
871008627819962418
1100477823057141801
726719247794962452
936307448569008199
466095363716153364
158301576119844864
855466209003962378
681823690421174299
1088933223595257897
613785122059190303
1105505925919416471
1266666070790508630
1197919808549822524
1013131642258333706
884638884804313130
740197626762231848
958700801830817804
1130972940679254117
860864608629948477
1318520945102819360
1068012719430701176
939340807327088641
709683720327528450
871330357239242793
1048615309956882442
1163208036463157431
851243076876763167
1270826209302941849
1026310991698460713
873519331923886090
997868821199200378
1273281838642888734
1328521707916361749
626723274696687626
472048543213944842
861273442162311198
932722091541811240
757957534391992341
751812715340759080
1172947427326705796
1022480945070215198
1261032188942745649
1032129662370984046
1247268337239457854
903901375203786803
1209534003279953960
995429676141002775
994897610148167780
1222906237591752837
804342040870518795
1290668765792698398
1271425259987533847
1157946592792432650
997602089104576542
1225835115016355982
1106326385439555596
1183897469801730189
828929730258403330
900046284654800946
767290519876272130
848710286885781543
1265920329079853067
904035696673685555
1137814121589510184
1017252951712084010
1036768606228316210
790031354623950939
1176764730069766175
883286509510344705
994357823616077895
562961348410212362
1079657500871237704
987817912347803689
1285996145012903988
951368090409656330
1050740806568378418
983256688578678804
1220329773721452580
1206154780234350622
797182873005981717
902894123684610129
815494101650243594
1210450204319293470
963436244740759613
1230887666455805972
780974399515918369
1325025757881438250
1333719001641128020
1072610272147157114
882831526209945632
1135816353513734166
1248884926913314909
977461844048490577
833704653740703764
592034333133635599
1279462689751568399
400735592201060357
945563837493555200
1327319079534727251
1207325842376626217
1239302459550339228
1021404588349329479
1150639030996840511
817416279408508948
1025133140626378782
1076513326508552244
1303981716431441972
1287751895871651932
930957360510406727
1329462848530940037
1051716582683979836
1189679606828118059
1327956031875186690
767381078117449738
901425733765828669
924212947985780736
480662092559417355
819442013950574642
815519564620234792
945385307832983606
1219146996242186241
1259860580408496142
810020806477873172
397760916596457474
1067746995533512704
589794781979344897
1194553008604852247
1228030023202771024
1067748599913533501
1178911622165692440
1089709519984132159
1083268081436074004
848216650012033055
1174440449478504504
722557276539453512
975877114198904872
1084447516726136893
1088989476740673616
1207013514036903937
390799967247269890
825296006076694538
1287490215128076360
1222911269137547295
1025443933108580437
1218121115629518888
1107587207469994035
1259507791681556593
1221152938571857950
445204231729840138
913904116722454538
1088774345926656040
587764417391755267
1168952640013606943
744937044563984508
1039597141057871992
1328913465787814060
1218666665953329193
508943770423787533
1096869110681452775
818302745315770428
870749199338209330
948063266612060161
943486307940839435
490769200315629580
1125366088675377243
902713757946499112
613589937001988117
1167490229242953840
1055921483412689006
990970136095752202
803254121226174535
509325450447814656
1257911045532684298
885298366081294366
1281594184926494731
661553904701407260
956501296851091496
662974632244019200
1138706766612402256
843039211891327006
818152429949288458
1252805819452624990
1204804363340488717
1031719624804413491
1214043830878208032
1003935454762123324
1104160443141996628
1210653204275142689
1035863184151691364
1134094483978469398
1210607740762853467
1278414525753987105
991025744996106241
1174942396828631081
862865335094738954
1206302217477423224
720924874536648745
826712322201747486
898550858109837332
837279882005970984
693514433963622482
1204510597710872576
1089599221709152426
1201884275109285928
1192043913612116071
786263622741131265
904341867729141800
1320034313479262209
1158027194136797204
1268278129986899968
1227598873162289265
876809355230580746
999359243700412437
1211793270019989606
1041620187784429568
920192707052314654
373804989661052941
873890231412219904
1234784678783746085
928668315159785512
512978993008476200
1309847390471196726
900385552178765824
1347956895553425468
1309375562220961885
1212336696696377408
1292387966219587675
746719112641642536
915977648247808000
642589229574127617
984970030062108682
1253651878097457185
1334404387300315167
447667081576448000
1205668219080409139
827845501368926208
966647927219032104
990977143058075698
825435468199493742
1254005519170142288
323467563625611266
742757791269388419
1317133580614504488
1200557555689197579
1200064783379087383
1303291824449781834
1050335247155339346
1092159956800765952
398149539233792010
945957538539638795
1316684251848114210
1286511092595687499
996449571234381824
1112663242167308338
1240729137346510858
1087808778029781082
888402893445660672
885986940724322325
838843971857154059
929784847893930015
1340377625297944706
1020687108106629142
883028283623608320
455087128380964864
1311613852613607434
1348687170386268260
1036627025798107176
1194152278240796784
1255449382774636635
1341742177444958249
880838155576692766
1011225729415004192
825838969484869642
882087834750685224
816351701552463872
1282475721259745310
888590131634769940
764044174356906004
1204308262489432094
1181136921196499014
1073371145392365568
547499161625559049
891609648006828072
1212276729557557268
1221769053950185530
925991444840329246
814119760648339458
1131815035853873232
1117009624609067022
1081499119773823068
600320954551369730
1147842729624211588
759513501936517120
1227220463294480474
818436194332835871
1018861358080606209
1327090798361051137
988308716749225984
1225434048411865160
907537284201598997
963133704887214171
1268642631672664148
968664041369243708
889138217624944640
1008015463214747678
1222517249290801216
1259990761315762227
469048479470321697
1133377773700907052
825560969296085053
327901753410322442
1077182458400874588
1274509446021644393
990842365495357454
949577294140305429
880662590383095889
814035550931124274
1230027343205240953
1045246687402262528
708671417356648488
1055097093812916274
805943409642569770
1001317929050193992
1290198441900904519
1318615338790944778
1323674876455944224
932361433537212488
1322910217263911013
786569201468178453
723877604653924463
932455659004366899
1073303737306726462
831900638816370738
718227079535132743
584407302346375198
1036639519820234823
443687533222821899
1226992790190297161
903868998616252419
1170652393856311417
1263311459430174805
894799361219899412
962052301537804378
842396120289116220
1221561496090316940
905349166354558976
919622234165895209
1038576182586790048
1220288367904821318
881481095915376701
1167341666756202588
974265476018499584
567301808423305227
902916096720535562
755151223539105902
1303233970326081536
1218485489607376936
1343536798566973450
1172071360458149900
1038670669082279987
1022877857422262372
1219195680350797885
1174367456664502322
715044641933754400
948462054061260811
1255475510406938670
836942064879927367
1200773994484334623
1118335539590987906
1319932304197419069
471558273557069824
898924850331140147
797464853987983391
913809341000343644
1215736253329444925
1082522614968365097
1339506482143563786
1017343739309588491
831761922490761217
1336749448683847743
1146009146043404351
906709525279694849
839906887113113610
1131996930550026370
1213763525625909340
1040728677966688357
1051451781584003073
1104268312566829106
1012172354908061817
834341067524276244
1184549597872410709
1111890629258129428
1106990911545692190
1109514687726502059
1123598808064991394
903443720899293224
1245434108687945731
437641642779082754
925712868270297128
908369703150444684
1227326262561865768
842327782892765235
1337311732971864069
1140697093732847717
1150482853432397946
1290662967721070645
841374510556643329
1305819086432764009
701417843614416907
1069660989437513848
798142788055072768
1344009217794773055
1315731589149233174
1008014373429715024
448393425939726338
969286126261125161
1132337381983404112
1179085086503743564
1282217731009019929
1065067853889417288
762311601927618561
825959233128103957
980665139864944693
1317134927468171346
1332497448911769685
823570514999246889
525072408722407434
1242783689016868925
1334864723891589121
857725898873503765
1273497042680807431
1203229133002514485
1152797802167021680
841975192028184606
1199798377639051307
1123122176246169631
546250036133232661
1326590879384997973
1201808297502445658
910259063340797982
1191390611903881367
897489082710646784
1212640439702650942
595056095693766656
701468141997523065
893514634949177385
826757625135628339
932306918486192258
855074748432908294
1333151040215846912
757523996781707306
678700175450963971
1229243805308424243
848957466791772211
787482793637838869
882720743228579921
748894394299449425
1112152376938340352
1090280849884336178
1033835897013149706
1007518006760443984
280000817082269697
1032555908506583181
942627162144534599
599662352522280962
1031000970580205628
896750654792536094
1057248217923854388
1304281554062807082
1287413679242870898
1347759217695789056
357542523532738561
823798839672569887
1190269702019219518
1191096969498734653
886522102549725284
779677200869883964
1226131668771934261
1228610326669557800
933616878344085504
1086565011972956171
965806034981630033
1205869832365543457
1018720258980335677
921722586075897876
1299378972727050373
1246272854681587725
631541527432265756
827504048097853450
1319577677178339410
967831890159607808
1176036389066919946
886667346054369290
1191764313568985098
1117215740077023307
1321436438893690881
798336993904820255
1276417166203158533
1227346812654850152
1203296506174509128
976048848105537536
1072939797527670967
1344305365168160771
1334781093949472780
906387751300108288
895670585508651008
1174655842952425492
1225972945739055204
1280917214618325040
916393502559072268
1253695911390085213
907979719750873128
759210750039818290
1044966848476745809
1330436615964721162
1223170657378893926
940195516678033408
401489299561906182
935148497580224532
771629691798945813
1221739288043982939
953946140196372541
533232320501776384
886829075799343104
378797986500706305
1103535902573211688
1051112638781870161
1263695282416386128
932707073161064478
1333919886761529447
1166641132718006315
747092461628817530
1085498851844161547
1214067475445186610
1236624051326419045
934532046842372099
929217019381944342
1205026848505995335
878321776935964692
774289721487523875
927148840958693388
813743353015173131
842052948330807306
1192654778916933682
893157216608194580
485315678744608770
1176850050748526706
1093623577208684576
1258165047507550348
759224173536477254
905897808995950682
911093385937424394
1268204545570242581
1251907847340556441
485945131942412298
1308523742321709109
1074232672131493938
1281943376631042159
1069314147512242286
843393440528334879
604035907040968790
1005173047734579310
997105633927110717
758981227067342849
836251935786795014
1046798719468716142
718120903606534245
1041381517173194773
1023894332832493578
1217654897931980832
902820022618054706
767383362604105758
1185522220567638046
1078746323110604930
815369061873221673
920721058145906720
839207191025418280
964592884005355610
980145892923441183
867634326783262730
909521648204533790
969932857827000410
1294960016176185385
896657743652458496
1210474122455556119
1170377009076113411
1090379394406699018
1212394148913487912
394889921799913484
967277633933049876
1226258013505982524
525577432887984167
1124302969257607230
1018391208948678656
943489024792883220
1183749014525579285
369600971489411082
985785346690252821
1212392770719711282
585519294218240041
898193268624470046
1203610564270624813
1311062340380131389
853122048112459817
1068807127067529216
1214103670527107105
951046986730176542
931132417601839164
381060909801406464
922155115497029682
990865928000532551
389789892978278400
1069284306482122903
1328786008183013506
997765775408504882
1032118400744439890
896776159386279946
745660481246724136
1013035939674738759
1175681289895022623
816736704395214866
914903164627587082
789108323227926548
952385986158002177
1204879121667334284
407547395857973259
1173833796894855253
1202144795745853450
1292301887349198918
797138870764306511
312585803786354688
1127545887707627580
1269262026388275256
1259094680801382401
1326590935618031618
1040881933267259452
942029059246915594
908011007283191818
1100192616378794105
1145864963332767885
879044075171483709
931477897758253056
1221443974695227412
873911677773545512
1232776117169950742
313754004406665218
725681713526866033
1003976931227738112
1200812069587533978
935853387931611186
837248000606470155
823763921886249000
841663252021772289
415564140648857601
1319955960428757037
914349291282260018
1012272204748161074
1290696218283872297
1034327558717710367
1058638740215582774
691608151673274408
1316156389696995411
798037751522000906
768043482811203605
1337746018065842348
1313480038477332531
894345211256406027
1354838327949262850
1076754824319746178
1310147029539880980
1237393346826338304
754588393954082887
898277523895484447
1133782892384895037
833066586889519134
961930513826844682
951038471248691202
853440438111698955
1213866630908477440
488680818823135242
963018597184208967
1189115833662849045
1255853340080996356
851084494412054568
1057374617431457842
1033527503622516837
1094384440123342949
1093485841998950461
1242027081148268615
870534433869013022
896458879712514048
806047096238637056
951418587074166814
1225355824294006798
1337187662905348106
1117558735649390682
879390906317422613
1117176006487318608
1217327242783490138
989048014268158012
1154045937782628362
1264364614859100301
1178572804690550825
1331295044409233440
824608355896393748
1252246581034483733
868650451887870002
853603343292039168
895602517461852170
1291991560602255441
838921950579523627
1131905717100621964
731066258463653931
293810109275176961
775415208322531328
1173787484040212573
814340936129576960
1139000076145008640
849298334320951366
996173230584889365
1289993202765533277
1292811542730903577
1067373602388844646
949685976404459540
912168436761776129
582398902687236096
794923750114066442
838740656024715265
1150061534542835804
968952268231688262
1135449169746731009
1196773672329945181
1057271663932231730
932340161000407050
1202964731812388867
1280396107897241692
1167143249123753994
893261712143294494
997545576033951766
918092732239597598
616018580248723456
631149755052982311
451748603455733799
1130211011941642460
694941268207206460
1157617936895328371
738627519091310644
1220423588411343020
515453423412576256
1029474705436057700
1206677085054046240
1283204411421888622
565985707957682188
856928381035479090
996919533136773122
1222895244597657703
878141590747619369
846887430316490792
1004646288337408090
821451429562286100
299269435254898689
1211568158297821205
1092502855283396608
770696809717956662
874803756305371147
1122922002764796036
824654750254891074
699661738978836520
1224030811536494674
386472093279322114
1056879726481920060
1297660474006966323
943709470083661885
1227668374319009997
1198565872785178624
384837125096341514
1030901559254581340
1347534915859779614
1150760608300531824
1248164813725765695
1199745228437995653
849538429519921183
841641022504435732
830288033793310721
1256271154113675447
948839906141151253
1332259980702781482
949895068972625940
1201827981949931552
966962200273096756
968696526354382888
1311324244671463481
1218966736972283904
1094822458982408213
1034551838315380838
791003207794163732
840869122749497345
982508914492981248
751476160608600218
1297946094407516232
1172488931783217203
1167675633262932050
1318107838521937970
1029041311178833940
1117852137494413503
1284885803427827752
687692196761305284
1177374724007936030
901554781141729331
360809990501433344
932915594360127518
920365831815303208
1314352125056254003
861742329080709141
216439743947341824
1212280298876968990
1033539975402246176
897745076036464711
716591993454723154
862042574113996800
1102976172549218375
963361140119855114
865653310291836939
795137774062796811
1104314207371010139
1203674142872969246
1061228254184362024
448253602998386709
908264122439860294
810462251244584992
1139534604643094599
1200143240305852417
420631486429921301
1134587798242996315
1110246596597252166
1305534871674032221
831947502885797929
1205141826382594078
587635687096975362
1113841283962785802
1232375771113324697
858911980554027018
1032276786190483497
842734175353569300
1326589257661284485
1227225602638221332
1178330526713643137
841987193072517151
830132672461537282
907559030531178496
1037194314792579132
606481316472422422
902445642411028530
1096393158532804659
1161797451041226793
1004451033646379079
934000628022251540
607121000986836995
1249993643109122143
1091487149997699084
1201691359304761425
1223344321097502841
968726033786368031
951945127545421824
693550770041389137
886692044360282202
1140482947330351196
1318922350351224915
1073291906966093914
372696754208112641
1348686056605876255
826469911697293332
577110093007552539
1278371771757756517
1226503292310261872
968876162946306078
1145063100970704947
949603412499132436
841417746842386493
967633025020092437
1092807416103583764
831475617848623125
559828926059249694
836003223093248012
985295305840918538
1066708576439128144
812593698968698910
1225950604027887627
135013030869204992
1045551441584078878
1291885859129397378
963139819767226440
960412233702207538
1317135919270072354
1305076488608944169
1045330328501370984
447317207916085250
1336758592639864884
1031858434263494667
394356856312692736
837347098625704006
1218853337630511186
1003727194809438240
1048519072536600676
219109722295369739
1147736066124681257
657848898794029056
1226628327146651719
1222015045047947276
1035824833877000253
1020718671578009640
705441735144243313
1131582960450162719
428965416094793741
1032903479091540051
961675542845866045
1147453793278115930
1338487955676856351
950064297965416489
949650411860664381
950641600344780831
339110082677833728
1036620920988643429
555664658560974850
952416019476000868
1116359740549767238
1258161717737689168
712247862418997308
1095263160577032242
1032484562250506250
1285618139199049740
419960878591639564
1316693051044790338
1281391587951247415
1295651058730799171
930393008254386187
1034903701091004426
882557736854900766
950800129739333654
926781153355128903
850257998336622622
1127976551644922027
980578681862905907
456741996304793608
893517578163605514
835935503122694166
1074945292203470909
209787940350459915
816194839187816508
1318212228700180492
1208799863161102397
1219936841105539074
880664721831891005
1100461904549388329
921023149359898634
597402187605344256
1259043342616891423
1295973653267087413
825295924661059656
553647202073837594
890994920209408090
852466602250731521
1271318961463627787
1237542712534765661
1087012174280536156
1067006574998077500
1246199453631905834
1082289676221689856
1045536448448835646
1104404183332945971
1318341139111346226
1009408897846616175
825341226978508810
1341898310985842810
1104130217787801661
1077377456983511090
571900537562464257
1196821446731767929
937267239940390963
852913846389440563
611336858743341101
1031308149803716729
762459955919716363
1345408138815213588
408452871353270274
1089556307608096938
1120027704624947241
1337312280794107956
1195279700629655594
1018395128152465468
1012979986338168835
1114488930453176321
1098085334446768150
837208732369813512
1160273190363332701
1043343020239626362
1212057828009705512
907678019630542908
697032576073728010
1139119983809544222
953109310257397810
1113851365568028832
942352633186877492
1334129493715193918
1281568901762908194
810650562185396285
729723985830346924
702241050865041488
1259088989693149275
815141913685917727
1319596493849755690
1304692745679671357
1204092422494363759
532243322136428556
1023585289899364402
596526587093188648
1287254594174324770
632270301463445580
1050429026621194350
453578569340420117
930668005032083467
1168498244976902194
1080148628921913354
1255154527875895318
1292051445159559294
1242214258641735724
766936946765201418
710833694168055828
1165900710752292888
1189920162674118746
1218646694950862971
848534329163776010
947342138453139456
1161682986173989005
1086573138801852506
959505125989294120
753180960891207740
1220431223571087373
1055106983734296596
1291747410908811356
793081916488155158
1349431720868581427
1304416399162081300
1339930394811830393
1202838562828193922
1200933972323082321
1322905470335193179
612003671043211305
1014753816828194876
1329282458922778769
992915811406713074
1007488324115644466
1201810466158944306
382182506197417984
1264488571751108663
852016326343000104
1179141568955957258
1237077237346471967
1334821246852005889
1243522417318563880
891766135211581460
1224238001387995137
1323340402614341644
1156558215383883786
975677244154458133
767764827748958249
663853838314373186
1053324644775628912
831492394821746738
888221815414075423
1273280007610957867
932940890857701376
1032995400300380200
810873638630064189
1299463701941981194
1069428246946517022
1162337870871281735
802386871773954100
1072543930941444186
1121774908637192192
1072043400028758076
929047120214904862
1154708489483063458
1006106144600760361
1015203274070179900
1325934535380303963
941708390852337714
825307253401190401
854169903959769120
1236389906717085767
295939053143064577
1297004980766642260
280369073244864513
1238812687551434847
744017876339523594
1219629181822828595
1245633264702455883
1266081955661742103
927603350025928794
1319078573616922707
1316523027566956595
827796608489095169
924653587148181594
999991428446949437
1215009202536452196
991752172066832535
1226996394384953456
1183922927402504195
1178322313846988865
1201146052523339886
1291608318606835740
397122567162298370
1162298720377909269
1195365018636648601
881331965121421322
909667039717761024
938627125655797780
1329018882471497800
1200767899250475101
414433709198934026
885618917052137473
727867447960666123
1268049270360117344
657366236170158090
999094643738288148
523099510285533184
1304888861524230185
1288782266352406540
1254092769929203734
1259928164788994201
1065273741350809621
922000746382245898
605534396979609600
1217777701369286657
1068820977212981268
1213153144981168138
273624791699685376
1322957544842334229
1114041912769388638
569522032518103071
1170248607736287298
868897367049502782
1316410989645660170
947924022648270858
1040933517640618015
868418686472552490
1068805711137616022
978013956587262022
1191004152298475603
1246328369625169994
1072939963945074778
718832119744430091
1143897075772301313
907959745212719105
1204880728169512993
605012131888365575
395471504122445826
913857958696329236
738447469301596291
1195039953554518087
789465057934311435
812813824654180404
244521050300350475
745582708423655525
384752580451893248
635094752819150879
1242458951719587922
1321126886214074382
783680026398425119
753655390532796416
1028639947785244682
849979600149676042
918086772460757004
839132289065418813
747301206078128268
1024988926844342312
1119631767775752202
1324786305221267462
932692146430038018
910380560466198529
840504186214809601
1108340799697059860
968993596156022814
1259122986594598953
1200731240798629999
863611921432444958
1207670557731061803
1107673690214244373
1178696655248302170
1218854657104019487
1294565089529167948
1335486869621964922
1334092794503106592
896217200854204426
1067766202941841409
707710042329186430
1223865609507438672
1255173292117987331
925036666941505597
828473768040202331
996996910441312318
1008678267890438214
1193075511644147733
1212354647260667956
893710632510169149
831897048513118278
928440966870876162
696303661084573759
780351798833577985
881177353072562217
533267511224041484
958783564898533376
247695412444659712
926940532901552218
1086512223448473723
1156365807958364180
643783878271828008
716998326125592683
1121460591375163422
990675603067916299
1040602511096168458
1090225974332882946
1210886478981496832
1289466999566762018
1328932669886562377
842284813167230987
1047345033008922635
1197479375889776673
1162933709595496449
942039194400878592
351381230811348995
1110355801723387925
985575499390656625
1284208186391396420
1219995675824230431
706513502805819535
1274720904865382483
1321790601678557194
1284118655550095405
1280502429619851387
1064797883540443166
832098237712302120
709287451063222302
1100428788921278524
1217222199208050689
484422699716706306
1103177554564751370
1264960772694478869
1222144282312310846
1033067648294068275
1031836008158855218
762047001071714304
886325364421451867
1243980085158084729
905335474040750081
1186945521793896449
1070659926583677009
1306191719036882944
302206016802783232
828657859695738900
1073575637115220028
757609845859025098
831526566642188288
1224250161476276224
1216986267263176714
1187639446892449855
1098122976248995850
921352535619547156
1220147036196962456
1072939582842228806
1109011213590990848
830822101694546004
1259093545034190863
780356255834177566
839789382420004905
1032527963624849408
823746912159006730
591501988986880020
634146662427918356
586031820655689728
779006431558631464
899694318913204266
895544732485296128
1341807135394234370
1094991263503224903
726263435066736661
1256305225845706848
1000381282439667795
534630166283026432
724286263544381504
830880453400461373
1074915427936915458
1194639915321933978
1158737431986712688
984948623374700604
1047761599840124948
1210286794458009653
816668542505975818
1254705551783497770
1271089458388799520
708382756866097192
1074536708734996581
925127347101921321
1145863944267898933
1109927744151748771
826360536307335198
1248888448060755984
1219275259967176748
466453491192430602
1010436112310874264
1041363550876221550
1228688282359959603
827822886739771433
838520399791652935
1173358182224117894
1192640355288494093
690064883513163830
481762478100054018
1088446132692193280
911742621163061309
1265156295099420744
1336984217166544918
1092706595592470599
919011711414046810
1140038454533689565
1097551517453656074
1189443278525964300
1082944018863902790
1330172690744475691
1257057780762673192
1318595463011631167
881049873057738782
1330839921006743563
1284175410300715009
839367426504523806
1022665071190618142
921338110820884510
918495696351539221
1284408281745457153
1112089311333060618
1265768034061127836
1111854619744796673
1188391819210399839
542740669593026561
1209075991264100372
1084344250868715641
848522572625608724
1215958635608281130
511213651609255946
1045296063759798353
724901222733185066
1304397948603334687
946414536733360238
993536777912590476
1149628993146982440
968435540804370462
939554230073712661
1278427459725037599
664397889585283083
515524702903599125
875068978056294401
1126306653080399983
828295701560950837
897838074950713376
1038683192737136671
1355491728152334436
803195437234126868
1107248546786332692
860392890752696320
1084769112191942718
1072940259165352056
216431263341346817
979101987599687741
978760141707042837
1070025505711075358
1265600332134617202
698550006055043102
825405923119464479
971761620650958888
924439973405556766
932963973588975616
828550713125896192
1314786328818356280
1094942464416169984
1164828519541526552
1023118900000464927
1217290864338927646
552576813516455961
1314591323143147601
1283772639390863450
1314931369301770262
1303388858448220193
1255856137937490013
1145124764776661124
826403281319231498
1249625697320697901
1227364165241540739
1336324346322485364
923309206411575316
1139482902812446750
1169243134304202812
945998969899720725
1086173111218602057
880735888131371008
204210295629938688
1337382700557795359
1110769114600980572
986899925721817118
480558505946775552
1100444998631178352
825440270837350400
838691861458714624
697837000622866544
1212361592625168414
1090134153577640018
1187242166913876031
1246158948416094232
1213215194386538538
1094118611288854539
840478161166139404
1214908196246917181
1109244321321975958
1048504446407155712
931088834274426900
1274216474910916663
1341042696579452948
1258717141621018634
1070100002950631435
875839995628376085
897518077938385010
953586710908911658
1286740650569760800
570621207200792576
1134598217590390905
1237008124129574954
1236887675579924612
1124028077861785630
1249638899605704755
1031055774966890538
1300925619399295078
1041275251159482408
1204330295596163094
1196035361177088022
1015541191309283358
798631678519148614
1244291127356690477
764652069213700158
831446097687478332
478038337198882817
1250706046872195115
1224049111049703485
498538412769280028
1033981864517570611
762339488520470530
543023249563451404
610681524844757001
1048319868874784879
901430794365583450
1333200986717556836
1234851514061688896
1332298788529901608
1152664739814580275
1235421819151056937
1341781696315396116
621091130259275786
956748858677923891
774094563287629844
982892423774613555
1189208852521046091
760563186247139328
1044890809578836039
734107821607747635
170888828184166400
1205501562827309119
1004024620485202041
830105871349448754
939530836443799594
759038316288409630
328047843850059787
1331289295759212647
1278935200079806580
1034381385059803136
1117673762234581123
960755864074084443
1044816634386321518
1175688874878586900
1293986451867828255
1270173424823697419
938648112589836309
895303762158157836
897520921080922122
1214639298247135305
1287831770309591152
1106910686740754462
928859327790481438
943699812778381312
978410790958809188
625933887859851300
1284139215579381811
974470142559940618
932814720329711657
433334937530400768
886940303246909521
1079702526573694976
975656517988646962
843681200337322064
1076377950020186113
815836755546603551
852797093603966987
1060274883126370394
1235851168274579547
672450490692272167
1325461307297632307
907292926713954315
972498885354328085
1139079217250848809
1237258327084503081
975682342402273331
878617795993149481
968577019552075806
714420431636922408
1106638293375909939
836070200847237141
877603524454789171
755311083945852958
409351316591214592
1313343201293369404
796295596297158676
841641728602931210
942627299088551967
1318428627225808907
1144200067226542138
1203546080654921759
1078712532438622340
906975445004714047
1279485571789754448
832515022205747240
1183240430234632213
905333373407465522
671671050106437632
647409711481749524
1043231521454174250
1267999519338008590
872538472588648489
1333359422642327553
1215017685528612927
915398649826127903
1213371480176332851
1070740915175567431
1305294566861307936
1051114211033501808
1108418461702561873
922562346222751746
446624703126306817
1228942213929504821
1273127132893024311
1320035408720957511
833610261062484002
1105655223080460388
840088666944307220
347181622870671362
662972712288911360
1060898633119191090
1224169648644161609
1091368914547642481
1214527487179235360
932621351427121322
969292583148879894
970682677109854248
948183923865813012
976880594103451658
1225692638175428689
815515637031370772
909050912121712711
1306466807787425824
1164740442697506866
1338863755144069245
806778015811371068
1262011394841247816
1228735605559787600
931938671538626560
841738173654630451
752912688526524417
798432660091174952
1143914346100031538
942335972639662170
1283119892891177073
1219662596345561172
897504434647629884
690455069442965504
1083466239726325780
1346065446679482389
977606634295656479
749351628452134934
1231641474471297136
831837949364666399
918209394947276852
1212055230620106752
1255539213303287828
353869766391234563
950711145734500392
1163516272357675038
1147162127468068925
709250154783309887
716962533566840882
953676445228601405
583296727478435850
917296096592683058
990864925008216116
700305661577134080
949998854760202271
1028847580311986286
1334756386118303817
868782939847131176
1332718759986724898
944804079333417062
719166474572398684
854899755138023444
945578758432251924
701819587015999598
491562923156570122
1213171387150377050
759087628653559868
1046571901948006401
1220275865141903363
1242116900218208279
823589822908071947
1337299385289019484
1314865515151491134
945727021034647553
1063022123477643324
910441376079048725
288113733157388288
936096501279621140
1099287649333809276
998551370720358510
1305520682209382400
823108679305134140
1096473192727593121
837238976606765066
1234881650018484338
1219641215218094122
799747472108290049
1078940045555273748
1111646740597190706
872583227154505728
1337213870804308039
1104112331929161809
235518601891676160
1205364311401300000
1060544576525455411
964094004419518505
845312531056033792
1258167143023775815
1258158173769039872
1209563615397675079
747304746699980821
825096325045157909
838521430656286800
1284406453464989778
894995828794597457
975496074116612186
979183515096723506
1031166474477383722
372946589838475278
1121325739237724251
999587369370001478
1099725018235158620
1039903723373203596
1323295563709419570
901181817883865118
1023250657664303114
1105845600118919280
838463560476655686
788047314644238347
947530037131874335
852494564467408917
1346155514719113270
896308427431739392
770472067795386369
1096276574397014027
1050772603561840680
451430606665023507
1231133163313430629
940569568848510996
1114235280988315708
623499264563216387
990964491846045816
214194632169357312
1104843678746423517
496841059209576460
1317137887845941251
973104789816754197
825320348761325598
831847895531388928
897504001715761172
884378486725279755
1051047274685399081
869058846566514768
907197005695168523
1046283623726317620
1035216098120957983
1018838073745870858
990969292923236352
1290629467495989330
835827130545209364
957481307405975552
894173781059334166
1290604605071429714
1258029348687056970
1167677992898662463
839194597237456907
1077732955629310022
837387420680323079
1237072011642011730
1099195453217714196
942699212875894794
926007471410135070
1279397843798458410
408525928822472724
981517138852479026
1271501977838424087
1065073183155294208
980953209625518080
1323005564044967976
1211597024521224214
862932490091102269
1088485369047154801
1334552315679604737
1210916970795638794
1296131024249688118
1053713120104820878
964942900242825218
895651507372978206
841599487902482453
1143539288726839337
1327260277242335242
1071458916707356692
1121775945242640435
986083379009187842
1057011423122837525
817696740705828904
692390514086903868
868139843769737226
1228440782634090526
892882773239537715
1281617005643956244
929752561106427946
304841643205328897
1315973807306969203
960607973904883813
1328798890744610870
1104065047430451230
821766374216302592
528242604798640139
1022029908123324437
1015652508607193160
1256920864797233204
709764345080316047
960451013490380820
827934773539766302
584794246972833866
858248367557443586
1222694282712977530
906936698208919554
902932806341115965
841998907059339304
1221725415576436871
1101192272151851151
870350045294260354
825354487555948544
1331017003821170848
1034387625844416514
758739724512526366
935164135400935424
1344895019798106182
1091409138451484682
479098593178025994
841554372743790602
1090236615110172692
1236576626360189020
924648217138823168
967216688825270303
773883249830789120
488249450779639812
1047555264850698251
1076462396564049930
978443381795586098
931766545728815104
848027779488415758
1189540522939928588
576037142757638151
1076416109500182599
808497738580623400
848041083795537921
945549507809128479
840958190803353649
1074056591403384882
399141603081715713
875323234365628416
841812451963437087
1279675079474544735
1019628074947588116
317249629232300034
209394750757797889
827912896369393664
1150692275916124171
1331189568292261943
1238110413103697941
316964303632859146
825296618935812106
805577275143356446
1320826871834738701
330110701169410048
732923433943433307
1074999384711901255
858594887981072384
859402163616743444
1319657681790832692
1165271628402409473
735253579002282157
1296000352503595084
648044601902497802
1292234329266847886
969589328151969852
1319714402114732116
726995102949703720
897035590900539523
910200208393125958
1325130914262421515
1212322751524905001
1212141700424798268
815856607166201877
1196084757067468812
782345562992803872
1023834408656052244
1035565185357840466
1072793968275894313
1161980057191976991
1081446845831725166
902851156374605896
1270353882979242089
759668704647577622
700246385743888434
1236856078138998854
159341770898014208
1340385470214836244
1254733847849865289
1088097064069632103
1123193546980208681
451945202425528320
1187495278899642431
945135144690384956
527482740983988235
1232959332388175893
1008274639329427466
941566483140579358
536991182035746816
1348638090037559438
745909301758918757
1258779876253765632
1317141538777731092
1045652481545351188
1131043877923602522
1064247053796003911
961557347464003644
839497417368010752
1078888505033359411
1045339434666688525
1202865546681520259
956944443108360223
812671288216649770
1056989324165517382
1243106944919801868
1188562045516398632
1281437676666359849
1343933934542520350
1042806143073914950
1168525107073921155
882191735923564546
1270620340502003743
963025073818722346
1299734114928169044
1033393042796859442
1259082093468713001
1342517315085926450
1169972768587120680
1237110519672864848
459354245523570688
1243943999916478494
1338940738184024215
1083207255152918619
1132557186078363719
377763951477522432
1056208697468125194
917828421894156358
1002560708027879444
709168010480320514
953613938719862804
1314222347749822565
438400590779908096
1318104143713407036
823724195694379078
1214093920036720642
809067250984157216
959886812636151819
1069206600608399400
426688053545795584
1213390853972959253
1203674105249927208
795994249471852545
1229679138676150373
1086637940685410334
1031175058527371274
487919522443952168
709013179442659388
791274038735536189
1304798569974468719
950714933639778345
1231820916581994547
1205882859907317862
1172003849612042275
1059547327465001041
989177999175852125
761045925992857674
1325532756104450124
978670070161096824
815522699493244958
982352769841246258
956954143732400179
1166540910717305002
1110170529840779314
990968833546260551
1032614176398520371
931081454480416871
1241447946575151114
893777383369347082
354247732829093889
1197922720705425531
1302832493535297598
943819467580899358
898238525164617799
830038572819152956
949628717674688515
1280975515775406092
397824046772781078
906556947589910588
862188902617841664
347845215517802508
459405030785679362
1126773257585045514
1250661904720986274
827083323414675497
728282924423839824
1202389949966721107
937944514205728798
1132737317698809948
883734128183373854
921000515901476894
1126143944141586482
1291354851695132734
843834635208097793
408526500271489034
966399318489726986
801308339467321365
1201917135253950505
747198532896686150
793484586545053726
1080080224747798629
352907146045947904
1221361547671109673
719384155967979540
1095623008011423754
767950217118875669
1116732123156586596
943016462396837888
1317140701930061975
830390751024119838
1308302327932911680
1168115783629549718
1233716910873645057
896113711360671784
883713668490100747
850036264920285244
1022088356592615464
1354391569729589258
703404070538575933
1024532333837160449
1199424382515302520
913448605937958944
751341854380916787
333072618423058433
1023286842981875804
828597786328563732
922500491135561729
826060797398614066
307332317599498251
1110088499329257483
1326558818074886236
1231525171731497014
1089856238159921153
772175513304432710
1016554437189308477
1224419194905296926
899802150941655130
1001798500536815668
1256893662831317026
477080564005076992
1347498991692288070
955773977836519515
1087846040981487700
1319721138015699015
1233446993154805902
287557997520093184
388782954815422464
758701970008965211
1342128044336480276
834059132428353566
818714451187335188
1320120921566089360
1302726423206822032
875044999409045515
1203677280308563978
940329255068377149
1173390582052290612
1222435249300963390
1034080033301606420
1197771153884856423
1209716398629064715
944898931362525184
783198439521255445
885829133484044300
1310835453964058636
1012907469154033735
665198942484561940
1259083510740811826
1324604064608288848
1083066842538577990
1222224566517239900
1216413262103580785
1322664802040021146
1000753561489129572
815460257366540298
409440000510525440
891889831456686141
507313988481056769
1057014236397699153
836966751634849823
1214253929206915104
1231869928941027329
1048871422346412053
1032551488632926238
1176656060975697970
1089096614259474503
885442410916773919
901467985733095476
1189767692144615525
1185588051125207121
1204363986716463107
1213497200601071706
141805656045912064
745765816355782869
920725823361802280
460073044166311937
1257713015839657994
1253834472470876322
618870719320817694
1234821288267092041
863915457903853598
749198136769118239
1243080515645603873
1062141422108676157
1327217579651240050
518351248345530388
1076891741304664156
1168369632302874766
960113916569063454
1056471274005737512
756794020633509928
1187392613402300527
1228234604201119814
827831942870859776
1308069507058765855
1234134634900750358
481785078112845835
1137000216017510492
849329172090060800
1074695715386826762
441990979332079616
1339107407787458641
758977158227427350
828135764063289364
963584479652360232
1324789524341063822
945577787681570866
1033734809907900417
964907903515492475
1323900419323461715
1237490951228887041
1049258254347276369
560737848475779072
1028665449195524150
1313087480114839616
943198170651963462
1088382175054925895
1093071765330219009
916608271115247627
532671276574179329
1036483064240541787
578468958135517185
1089786176086474775
1299081783513452732
916947837407854672
1217794761738555442
1121776707125395486
1326872753483026478
1283811886906736674
1155021636790145134
1069423090225918082
1084086869085663272
1214059308904620033
1046858089736978482
727173053339140196
704309460243316766
648342738189680670
884431587972874260
383491485141565441
771914785393737738
1131701941110591538
417604001413070878
1094386110530080809
905765365122998302
1057857116129480824
744770134597435433
716621218568208454
240888165571756033
1092716938976821248
916637643834552380
992740292983804017
836584837870518322
845096320266928189
889950432686915585
1255109293435523123
745939425292189729
881902374103445545
890371287560634459
873402782781173790
402714937555681282
606365096880635915
1002205772089925683
1198699691584540845
1290027686852296716
911656136644640768
815490319750791182
1222486334514663476
950758703668289536
1021319684387246110
1297250731895820310
1028030060550172793
700147342275379231
1231272714182983813
779636806115131422
1355832370766544896
1066019888625365184
1298346812419084419
1348859871604375643
866689130078142464
95591769948819456
427420170126884865
1013699436897108038
1334744714901192745
1161116227469574347
1334960868156248114
1037641984384438332
1220676176805105674
745336471980081235
1084928364600631408
371785499863416863
1226993607488176219
853900905744039966
1092756691617067049
828578902200942602
1146008719738548235
844929254243303465
832294751080284170
517354319373271041
436066803089932308
906338212501417994
1055351788468981800
1109138020210323677
880212832103329823
911900653830430781
1087921123959767113
1083775754195701810
1099694086946033756
